0,0,1
1,1,0
2,0,1
3,0,1
4,0,1
5,0,1
6,0,1
7,0,1
8,0,1
9,0,1
10,0,1
11,1,0
12,1,0
13,0,1
14,0,1
15,1,0
16,1,0
17,0,1
18,1,0
19,0,1
20,0,1
21,1,0
22,0,1
23,1,0
24,0,1
25,0,1
26,0,1
27,0,1
28,1,0
29,1,0
30,1,0
31,0,1
32,1,0
33,0,1
34,0,1
35,0,1
36,1,0
37,1,0
38,0,1
39,0,1
40,0,1
41,0,1
42,0,1
43,1,0
44,0,1
45,1,0
46,0,1
47,1,0
48,1,0
49,1,0
50,0,1
51,1,0
52,1,0
53,1,0
54,0,1
55,0,1
56,1,0
57,0,1
58,0,1
59,1,0
60,1,0
61,1,0
62,1,0
63,0,1
64,0,1
65,0,1
66,1,0
67,0,1
68,1,0
69,0,1
70,0,1
71,0,1
72,0,1
73,0,1
74,0,1
75,0,1
76,0,1
77,0,0
78,1,0
79,0,1
80,1,0
81,1,0
82,0,1
83,1,0
84,1,0
85,0,1
86,1,0
87,0,1
88,1,0
89,0,1
90,1,0
91,0,1
92,0,1
93,0,1
94,1,0
95,0,1
96,1,0
97,0,1
98,0,1
99,1,0
100,0,1
101,0,1
102,0,1
103,0,1
104,1,0
105,0,1
106,0,1
107,0,1
108,0,1
109,0,1
110,1,0
111,1,0
112,0,1
113,0,1
114,1,0
115,0,1
116,1,0
117,1,0
118,0,1
119,0,1
120,0,1
121,0,1
122,1,0
123,0,1
124,0,1
125,0,1
126,1,0
127,0,1
128,1,0
129,1,0
130,0,1
131,1,0
132,0,1
133,1,0
134,0,1
135,1,0
136,0,1
137,0,1
138,0,1
139,0,1
140,1,0
141,0,1
142,1,0
143,0,1
144,1,0
145,0,1
146,0,1
147,1,0
148,0,0
149,1,0
150,1,0
151,0,1
152,0,1
153,0,1
154,1,0
155,1,0
156,0,1
157,0,1
158,0,1
159,0,1
160,0,1
161,0,1
162,1,0
163,0,1
164,0,1
165,0,1
166,0,1
167,1,0
168,0,1
169,0,1
170,0,1
171,0,1
172,0,1
173,0,1
174,0,1
175,0,1
176,0,1
177,1,0
178,1,0
179,1,0
180,0,1
181,0,1
182,1,0
183,1,0
184,0,1
185,0,1
186,1,0
187,0,1
188,0,1
189,0,1
190,1,0
191,0,1
192,0,1
193,0,1
194,1,0
195,0,0
196,0,1
197,0,1
198,1,0
199,0,1
200,0,1
201,0,0
202,0,1
203,1,0
204,0,1
205,1,0
206,0,1
207,1,0
208,0,1
209,0,1
210,1,0
211,0,1
212,0,1
213,1,0
214,0,1
215,0,1
216,0,1
217,1,0
218,0,1
219,0,1
220,0,1
221,0,1
222,1,0
223,1,0
224,0,1
225,0,1
226,0,1
227,1,0
228,1,0
229,1,0
230,0,1
231,1,0
232,0,1
233,1,0
234,1,0
235,1,0
236,1,0
237,0,0
238,0,1
239,1,0
240,1,0
241,0,1
242,0,1
243,1,0
244,0,1
245,1,0
246,1,0
247,0,1
248,0,1
249,0,1
250,1,0
251,1,0
252,1,0
253,1,0
254,0,1
255,0,1
256,1,0
257,1,0
258,0,1
259,0,1
260,0,1
261,0,1
262,0,1
263,0,1
264,1,0
265,0,1
266,0,1
267,0,1
268,0,1
269,1,0
270,1,0
271,0,1
272,0,0
273,1,0
274,0,1
275,0,1
276,0,1
277,0,1
278,1,0
279,1,0
280,0,1
281,0,1
282,0,1
283,0,1
284,0,1
285,0,1
286,0,1
287,1,0
288,0,1
289,0,1
290,0,1
291,0,1
292,1,0
293,0,1
294,0,1
295,0,1
296,1,0
297,0,1
298,1,0
299,0,1
300,1,0
301,1,0
302,1,0
303,1,0
304,1,0
305,0,1
306,0,1
307,0,1
308,0,1
309,1,0
310,1,0
311,0,1
312,0,1
313,0,1
314,0,1
315,1,0
316,1,0
317,0,1
318,0,1
319,1,0
320,0,1
321,0,1
322,1,0
323,0,1
324,0,1
325,0,1
326,0,1
327,1,0
328,0,1
329,0,1
330,1,0
331,0,1
332,0,1
333,1,0
334,1,0
335,0,1
336,1,0
337,1,0
338,1,0
339,0,1
340,1,0
341,1,0
342,0,1
343,0,1
344,0,1
345,1,0
346,0,1
347,0,1
348,0,1
349,0,1
350,0,1
351,0,1
352,0,1
353,1,0
354,0,1
355,0,1
356,1,0
357,0,1
358,0,0
359,0,1
360,1,0
361,0,1
362,1,0
363,0,1
364,0,1
365,0,1
366,0,1
367,0,1
368,0,1
369,0,1
370,1,0
371,1,0
372,0,1
373,1,0
374,0,1
375,0,1
376,0,1
377,0,1
378,0,1
379,1,0
380,0,1
381,1,0
382,0,1
383,0,1
384,0,1
385,1,0
386,1,0
387,0,1
388,0,1
389,0,1
390,1,0
391,0,1
392,1,0
393,1,0
394,0,1
395,0,1
396,0,1
397,0,1
398,0,1
399,1,0
400,0,1
401,0,1
402,0,1
403,0,1
404,0,1
405,0,1
406,0,1
407,0,1
408,0,1
409,0,1
410,1,0
411,1,0
412,1,0
413,0,1
414,0,1
415,0,1
416,1,0
417,1,0
418,0,1
419,0,1
420,0,1
421,0,1
422,0,1
423,1,0
424,0,1
425,0,1
426,0,1
427,0,1
428,0,1
429,1,0
430,0,1
431,0,1
432,0,1
433,0,1
434,0,1
435,0,1
436,0,1
437,0,1
438,0,1
439,0,1
440,0,1
441,0,1
442,1,0
443,0,1
444,0,1
445,0,1
446,1,0
447,0,0
448,0,1
449,0,1
450,0,1
451,0,1
452,0,1
453,1,0
454,0,1
455,0,1
456,0,1
457,0,1
458,0,1
459,0,1
460,0,1
461,1,0
462,0,1
463,1,0
464,0,1
465,0,1
466,0,1
467,0,1
468,1,0
469,0,1
470,0,1
471,0,1
472,1,0
473,1,0
474,0,1
475,0,1
476,0,1
477,0,1
478,0,1
479,0,1
480,0,1
481,0,1
482,0,1
483,0,1
484,0,1
485,0,1
486,0,1
487,0,1
488,0,1
489,0,1
490,0,1
491,0,1
492,1,0
493,0,1
494,0,1
495,0,1
496,0,1
497,1,0
498,1,0
499,1,0
500,0,1
501,0,1
502,0,1
503,1,0
504,0,1
505,0,1
506,0,1
507,0,1
508,0,1
509,0,1
510,0,1
511,0,1
512,0,1
513,0,1
514,0,1
515,0,1
516,0,1
517,0,1
518,0,1
519,0,1
520,0,1
521,1,0
522,0,1
523,0,1
524,1,0
525,0,1
526,0,1
527,0,0
528,1,0
529,0,1
530,0,1
531,0,1
532,0,1
533,0,1
534,0,1
535,0,1
536,0,1
537,1,0
538,0,1
539,0,1
540,0,1
541,0,1
542,1,0
543,0,1
544,0,1
545,0,1
546,0,1
547,1,0
548,1,0
549,0,1
550,0,1
551,0,1
552,0,1
553,1,0
554,0,1
555,1,0
556,0,1
557,0,1
558,0,1
559,0,1
560,1,0
561,0,1
562,0,1
563,0,1
564,1,0
565,1,0
566,1,0
567,1,0
568,0,1
569,0,1
570,0,1
571,1,0
572,1,0
573,0,1
574,1,0
575,0,1
576,1,0
577,1,0
578,0,1
579,0,1
580,1,0
581,0,1
582,0,1
583,0,1
584,1,0
585,0,1
586,1,0
587,1,0
588,0,1
589,0,1
590,1,0
591,1,0
592,0,1
593,0,1
594,0,1
595,1,0
596,0,1
597,0,1
598,0,1
599,1,0
600,0,1
601,0,0
602,0,0
603,0,1
604,0,1
605,0,1
606,0,1
607,0,0
608,0,1
609,0,1
610,0,1
611,0,1
612,1,0
613,1,0
614,0,1
615,1,0
616,1,0
617,0,1
618,0,1
619,0,1
620,0,1
621,1,0
622,0,1
623,1,0
624,1,0
625,0,1
626,0,1
627,0,1
628,0,1
629,1,0
630,0,1
631,0,1
632,0,1
633,0,1
634,0,1
635,1,0
636,1,0
637,0,1
638,0,0
639,0,1
640,1,0
641,1,0
642,0,1
643,0,1
644,0,1
645,0,1
646,0,1
647,0,1
648,1,0
649,0,1
650,1,0
651,0,1
652,1,0
653,0,1
654,0,1
655,0,1
656,0,1
657,0,1
658,0,1
659,1,0
660,1,0
661,0,1
662,0,1
663,1,0
664,0,1
665,0,1
666,0,1
667,1,0
668,0,0
669,0,1
670,0,1
671,0,1
672,1,0
673,0,1
674,0,0
675,0,1
676,0,1
677,0,1
678,0,1
679,1,0
680,0,1
681,0,1
682,0,1
683,0,1
684,0,1
685,1,0
686,1,0
687,0,1
688,0,1
689,1,0
690,0,1
691,1,0
692,0,1
693,1,0
694,0,1
695,0,1
696,0,1
697,1,0
698,0,1
699,0,1
700,0,1
701,0,1
702,1,0
703,1,0
704,1,0
705,1,0
706,0,1
707,1,0
708,0,1
709,1,0
710,1,0
711,1,0
712,0,1
713,1,0
714,1,0
715,0,1
716,1,0
717,1,0
718,1,0
719,1,0
720,1,0
721,0,1
722,0,1
723,0,1
724,0,1
725,0,1
726,0,1
727,0,1
728,1,0
729,0,1
730,0,1
731,0,1
732,1,0
733,0,0
734,0,0
735,0,1
736,0,0
737,1,0
738,0,1
739,1,0
740,1,0
741,1,0
742,1,0
743,1,0
744,0,1
745,1,0
746,1,0
747,0,1
748,0,1
749,1,0
750,0,1
751,1,0
752,0,1
753,1,0
754,1,0
755,1,0
756,1,0
757,1,0
758,0,0
759,1,0
760,0,1
761,0,1
762,0,1
763,0,1
764,1,0
765,1,0
766,0,1
767,0,1
768,1,0
769,0,1
770,1,0
771,0,1
772,1,0
773,0,1
774,0,1
775,0,1
776,0,1
777,0,1
778,1,0
779,1,0
780,1,0
781,1,0
782,1,0
783,1,0
784,0,0
785,0,1
786,1,0
787,1,0
788,1,0
789,1,0
790,1,0
791,1,0
792,1,0
793,1,0
794,1,0
795,1,0
796,0,1
797,0,1
798,1,0
799,1,0
800,1,0
801,1,0
802,0,1
803,0,1
804,0,1
805,1,0
806,0,1
807,1,0
808,1,0
809,1,0
810,0,1
811,1,0
812,0,0
813,1,0
814,1,0
815,1,0
816,0,1
817,1,0
818,0,1
819,1,0
820,1,0
821,1,0
822,1,0
823,1,0
824,1,0
825,0,1
826,1,0
827,1,0
828,1,0
829,0,1
830,0,0
831,0,1
832,0,1
833,0,1
834,0,1
835,1,0
836,1,0
837,1,0
838,1,0
839,0,1
840,0,1
841,0,0
842,1,0
843,1,0
844,1,0
845,1,0
846,0,1
847,0,1
848,1,0
849,0,1
850,0,1
851,1,0
852,1,0
853,1,0
854,1,0
855,1,0
856,0,1
857,0,1
858,0,1
859,0,1
860,0,1
861,1,0
862,0,1
863,0,1
864,0,1
865,0,1
866,0,1
867,1,0
868,0,1
869,0,1
870,0,1
871,1,0
872,1,0
873,0,1
874,0,1
875,0,0
876,0,1
877,0,1
878,0,1
879,0,1
880,1,0
881,0,1
882,1,0
883,0,1
884,1,0
885,1,0
886,1,0
887,0,1
888,0,1
889,0,1
890,1,0
891,0,1
892,0,1
893,0,1
894,0,1
895,0,1
896,0,1
897,1,0
898,0,1
899,1,0
900,0,1
901,0,1
902,0,1
903,0,1
904,0,1
905,0,1
906,0,1
907,1,0
908,1,0
909,0,1
910,1,0
911,1,0
912,0,1
913,0,1
914,0,1
915,0,1
916,1,0
917,0,1
918,1,0
919,1,0
920,1,0
921,0,1
922,0,1
923,1,0
924,0,1
925,1,0
926,0,1
927,0,1
928,0,1
929,0,1
930,0,1
931,0,1
932,0,1
933,1,0
934,0,1
935,0,1
936,0,1
937,1,0
938,1,0
939,0,1
940,0,1
941,1,0
942,0,1
943,0,1
944,0,1
945,0,1
946,1,0
947,1,0
948,0,1
949,0,1
950,0,1
951,0,1
952,0,1
953,1,0
954,1,0
955,0,1
956,0,1
957,0,1
958,0,1
959,1,0
960,0,1
961,0,1
962,0,1
963,0,1
964,0,1
965,1,0
966,0,1
967,1,0
968,0,1
969,0,1
970,0,1
971,0,1
972,1,0
973,0,1
974,1,0
975,0,1
976,0,1
977,0,1
978,0,1
979,0,1
980,0,1
981,0,1
982,1,0
983,1,0
984,0,1
985,0,1
986,0,1
987,0,1
988,0,1
989,1,0
990,0,1
991,0,0
992,0,1
993,1,0
994,1,0
995,0,1
996,0,1
997,0,1
998,0,1
999,1,0
1000,1,0
1001,1,0
1002,1,0
1003,0,1
1004,1,0
1005,0,1
1006,0,1
1007,0,1
1008,0,1
1009,1,0
1010,0,1
1011,0,1
1012,1,0
1013,0,1
1014,0,1
1015,0,1
1016,0,1
1017,1,0
1018,1,0
1019,0,1
1020,0,1
1021,0,1
1022,0,1
1023,1,0
1024,1,0
1025,0,1
1026,0,1
1027,0,1
1028,1,0
1029,0,1
1030,0,1
1031,0,1
1032,0,1
1033,0,1
1034,1,0
1035,0,1
1036,1,0
1037,0,1
1038,1,0
1039,1,0
1040,1,0
1041,0,1
1042,0,1
1043,1,0
1044,0,1
1045,0,1
1046,1,0
1047,1,0
1048,0,1
1049,0,1
1050,0,1
1051,0,1
1052,0,1
1053,0,1
1054,0,1
1055,1,0
1056,1,0
1057,0,1
1058,0,1
1059,0,1
1060,1,0
1061,0,1
1062,0,1
1063,1,0
1064,0,1
1065,1,0
1066,0,1
1067,1,0
1068,0,1
1069,1,0
1070,0,1
1071,0,1
1072,0,0
1073,0,1
1074,0,1
1075,0,1
1076,1,0
1077,0,1
1078,0,1
1079,1,0
1080,0,0
1081,0,1
1082,0,1
1083,0,1
1084,0,1
1085,0,1
1086,0,1
1087,0,1
1088,0,1
1089,0,1
1090,0,1
1091,0,0
1092,1,0
1093,0,1
1094,1,0
1095,0,1
1096,0,1
1097,0,1
1098,0,1
1099,0,1
1100,0,1
1101,0,0
1102,0,1
1103,1,0
1104,0,1
1105,0,1
1106,0,1
1107,0,1
1108,0,1
1109,0,1
1110,0,1
1111,0,1
1112,0,1
1113,0,1
1114,0,1
1115,0,1
1116,0,1
1117,1,0
1118,0,1
1119,1,0
1120,0,1
1121,0,1
1122,0,1
1123,0,1
1124,1,0
1125,1,0
1126,0,1
1127,1,0
1128,0,1
1129,0,1
1130,1,0
1131,0,1
1132,0,1
1133,1,0
1134,1,0
1135,0,1
1136,0,1
1137,1,0
1138,0,1
1139,0,1
1140,1,0
1141,1,0
1142,1,0
1143,0,1
1144,0,1
1145,1,0
1146,0,1
1147,0,1
1148,1,0
1149,1,0
1150,1,0
1151,0,1
1152,0,1
1153,0,1
1154,0,1
1155,1,0
1156,1,0
1157,1,0
1158,0,1
1159,0,1
1160,0,1
1161,0,1
1162,1,0
1163,0,1
1164,0,1
1165,0,1
1166,0,1
1167,0,1
1168,0,1
1169,1,0
1170,0,1
1171,0,1
1172,0,1
1173,1,0
1174,1,0
1175,0,1
1176,0,1
1177,0,1
1178,0,1
1179,0,1
1180,0,1
1181,1,0
1182,1,0
1183,0,1
1184,0,1
1185,0,1
1186,0,1
1187,0,1
1188,0,1
1189,0,1
1190,0,1
1191,1,0
1192,1,0
1193,0,1
1194,1,0
1195,0,1
1196,1,0
1197,1,0
1198,1,0
1199,0,1
1200,1,0
1201,1,0
1202,0,1
1203,0,1
1204,1,0
1205,0,1
1206,0,1
1207,0,1
1208,1,0
1209,0,1
1210,0,0
1211,1,0
1212,1,0
1213,0,1
1214,1,0
1215,1,0
1216,0,1
1217,0,1
1218,0,1
1219,0,1
1220,1,0
1221,0,1
1222,0,1
1223,0,1
1224,0,1
1225,0,1
1226,0,1
1227,0,1
1228,1,0
1229,0,1
1230,0,1
1231,0,1
1232,0,1
1233,1,0
1234,1,0
1235,1,0
1236,0,1
1237,1,0
1238,0,1
1239,0,1
1240,1,0
1241,0,1
1242,0,1
1243,1,0
1244,0,1
1245,0,1
1246,0,1
1247,0,1
1248,0,1
1249,0,1
1250,0,1
1251,0,1
1252,0,1
1253,1,0
1254,1,0
1255,1,0
1256,0,1
1257,1,0
1258,0,1
1259,0,1
1260,0,1
1261,0,1
1262,0,1
1263,0,1
1264,0,1
1265,0,1
1266,1,0
1267,0,1
1268,0,0
1269,0,1
1270,1,0
1271,1,0
1272,0,1
1273,1,0
1274,1,0
1275,0,1
1276,1,0
1277,0,1
1278,0,1
1279,0,1
1280,0,1
1281,0,1
1282,0,1
1283,0,1
1284,1,0
1285,1,0
1286,0,1
1287,1,0
1288,0,1
1289,1,0
1290,1,0
1291,0,1
1292,0,1
1293,0,1
1294,0,1
1295,1,0
1296,0,1
1297,0,1
1298,0,1
1299,0,1
1300,0,1
1301,0,1
1302,0,1
1303,1,0
1304,0,1
1305,0,1
1306,0,1
1307,0,1
1308,0,1
1309,1,0
1310,0,1
1311,0,1
1312,1,0
1313,0,1
1314,0,1
1315,1,0
1316,0,1
1317,0,1
1318,0,1
1319,1,0
1320,0,1
1321,1,0
1322,0,1
1323,0,1
1324,1,0
1325,0,1
1326,1,0
1327,1,0
1328,0,1
1329,1,0
1330,1,0
1331,1,0
1332,0,1
1333,0,1
1334,0,1
1335,1,0
1336,1,0
1337,0,1
1338,0,1
1339,1,0
1340,0,1
1341,0,1
1342,1,0
1343,0,1
1344,0,1
1345,0,1
1346,0,1
1347,0,1
1348,0,1
1349,0,1
1350,0,1
1351,0,1
1352,0,1
1353,0,1
1354,0,1
1355,0,1
1356,0,1
1357,0,1
1358,1,0
1359,0,1
1360,0,1
1361,0,1
1362,0,1
1363,0,1
1364,0,1
1365,1,0
1366,0,1
1367,0,1
1368,0,1
1369,0,1
1370,1,0
1371,0,1
1372,1,0
1373,0,1
1374,0,1
1375,0,1
1376,1,0
1377,0,1
1378,1,0
1379,0,1
1380,1,0
1381,1,0
1382,0,1
1383,1,0
1384,1,0
1385,0,1
1386,0,1
1387,0,1
1388,0,1
1389,0,1
1390,0,1
1391,0,1
1392,0,1
1393,0,1
1394,1,0
1395,1,0
1396,1,0
1397,1,0
1398,1,0
1399,0,1
1400,1,0
1401,0,1
1402,1,0
1403,1,0
1404,0,1
1405,1,0
1406,0,1
1407,0,1
1408,0,1
1409,0,1
1410,0,1
1411,1,0
1412,0,1
1413,1,0
1414,0,0
1415,0,1
1416,0,1
1417,1,0
1418,0,1
1419,1,0
1420,0,1
1421,0,1
1422,0,1
1423,1,0
1424,0,1
1425,1,0
1426,0,1
1427,1,0
1428,0,1
1429,0,1
1430,0,1
1431,0,1
1432,0,1
1433,1,0
1434,1,0
1435,0,1
1436,0,1
1437,1,0
1438,0,1
1439,0,1
1440,1,0
1441,1,0
1442,1,0
1443,0,1
1444,0,1
1445,1,0
1446,1,0
1447,1,0
1448,0,1
1449,0,1
1450,0,1
1451,1,0
1452,0,1
1453,0,1
1454,0,1
1455,1,0
1456,0,1
1457,1,0
1458,1,0
1459,0,1
1460,0,1
1461,0,1
1462,0,1
1463,1,0
1464,1,0
1465,0,1
1466,1,0
1467,0,1
1468,0,1
1469,0,1
1470,0,1
1471,0,1
1472,0,1
1473,0,1
1474,1,0
1475,1,0
1476,1,0
1477,1,0
1478,1,0
1479,0,1
1480,0,1
1481,0,1
1482,0,1
1483,1,0
1484,0,1
1485,1,0
1486,0,1
1487,1,0
1488,1,0
1489,1,0
1490,0,1
1491,0,1
1492,1,0
1493,1,0
1494,0,1
1495,1,0
1496,0,1
1497,1,0
1498,1,0
1499,0,1
1500,0,1
1501,0,1
1502,0,1
1503,0,1
1504,0,1
1505,1,0
1506,1,0
1507,0,1
1508,1,0
1509,1,0
1510,1,0
1511,1,0
1512,0,1
1513,0,1
1514,0,1
1515,1,0
1516,0,1
1517,0,1
1518,1,0
1519,1,0
1520,0,1
1521,1,0
1522,1,0
1523,1,0
1524,0,0
1525,0,1
1526,1,0
1527,0,1
1528,0,1
1529,0,1
1530,1,0
1531,0,1
1532,1,0
1533,0,1
1534,0,1
1535,0,1
1536,0,1
1537,1,0
1538,0,1
1539,0,1
1540,1,0
1541,0,1
1542,0,1
1543,0,1
1544,0,1
1545,0,1
1546,0,1
1547,0,1
1548,0,1
1549,0,1
1550,1,0
1551,1,0
1552,1,0
1553,0,1
1554,0,1
1555,0,1
1556,1,0
1557,0,1
1558,0,1
1559,1,0
1560,1,0
1561,0,1
1562,0,1
1563,1,0
1564,0,1
1565,0,1
1566,1,0
1567,1,0
1568,1,0
1569,0,1
1570,0,1
1571,0,1
1572,0,1
1573,0,1
1574,0,1
1575,0,1
1576,1,0
1577,0,1
1578,0,1
1579,0,1
1580,1,0
1581,1,0
1582,0,1
1583,0,1
1584,0,1
1585,1,0
1586,1,0
1587,0,1
1588,0,1
1589,1,0
1590,1,0
1591,0,1
1592,1,0
1593,1,0
1594,1,0
1595,1,0
1596,0,1
1597,1,0
1598,1,0
1599,0,1
1600,0,1
1601,0,1
1602,0,1
1603,0,1
1604,0,1
1605,1,0
1606,0,1
1607,0,1
1608,0,1
1609,0,1
1610,0,1
1611,0,1
1612,1,0
1613,1,0
1614,1,0
1615,0,1
1616,1,0
1617,1,0
1618,1,0
1619,1,0
1620,0,1
1621,0,1
1622,0,1
1623,1,0
1624,0,1
1625,0,1
1626,1,0
1627,1,0
1628,0,1
1629,0,1
1630,0,1
1631,0,1
1632,0,1
1633,0,1
1634,0,1
1635,0,1
1636,0,1
1637,1,0
1638,1,0
1639,0,1
1640,0,1
1641,0,1
1642,0,1
1643,1,0
1644,1,0
1645,0,1
1646,0,1
1647,1,0
1648,1,0
1649,0,1
1650,0,1
1651,1,0
1652,0,1
1653,0,1
1654,1,0
1655,1,0
1656,0,1
1657,1,0
1658,0,1
1659,1,0
1660,0,1
1661,1,0
1662,1,0
1663,0,1
1664,0,1
1665,1,0
1666,0,1
1667,0,1
1668,0,1
1669,0,1
1670,0,1
1671,0,1
1672,0,1
1673,0,1
1674,1,0
1675,0,1
1676,0,1
1677,0,1
1678,0,1
1679,0,1
1680,1,0
1681,0,1
1682,1,0
1683,0,1
1684,0,1
1685,0,1
1686,0,1
1687,0,1
1688,0,1
1689,0,1
1690,0,1
1691,0,1
1692,1,0
1693,0,1
1694,1,0
1695,0,1
1696,0,1
1697,1,0
1698,1,0
1699,0,1
1700,1,0
1701,0,1
1702,1,0
1703,0,1
1704,1,0
1705,1,0
1706,1,0
1707,1,0
1708,0,1
1709,0,1
1710,1,0
1711,1,0
1712,1,0
1713,0,1
1714,0,1
1715,1,0
1716,1,0
1717,1,0
1718,0,1
1719,0,1
1720,0,1
1721,0,1
1722,1,0
1723,0,0
1724,1,0
1725,1,0
1726,0,1
1727,0,1
1728,1,0
1729,0,1
1730,0,1
1731,0,1
1732,1,0
1733,0,1
1734,0,1
1735,1,0
1736,1,0
1737,0,1
1738,0,1
1739,1,0
1740,0,1
1741,1,0
1742,0,1
1743,1,0
1744,0,1
1745,0,1
1746,0,1
1747,0,1
1748,0,1
1749,1,0
1750,1,0
1751,1,0
1752,1,0
1753,1,0
1754,1,0
1755,1,0
1756,0,1
1757,0,1
1758,0,1
1759,0,1
1760,0,1
1761,0,1
1762,1,0
1763,0,1
1764,0,1
1765,0,1
1766,1,0
1767,0,1
1768,1,0
1769,1,0
1770,0,1
1771,0,1
1772,1,0
1773,1,0
1774,1,0
1775,1,0
1776,0,1
1777,0,1
1778,0,1
1779,1,0
1780,0,1
1781,0,1
1782,0,1
1783,0,1
1784,0,1
1785,1,0
1786,0,1
1787,1,0
1788,0,1
1789,0,1
1790,1,0
1791,1,0
1792,0,1
1793,1,0
1794,0,1
1795,0,1
1796,0,1
1797,1,0
1798,0,1
1799,1,0
1800,0,1
1801,1,0
1802,0,1
1803,0,1
1804,0,1
1805,1,0
1806,1,0
1807,0,1
1808,1,0
1809,0,1
1810,0,1
1811,0,1
1812,1,0
1813,0,1
1814,0,1
1815,0,1
1816,0,1
1817,1,0
1818,0,1
1819,0,1
1820,0,1
1821,1,0
1822,1,0
1823,0,1
1824,1,0
1825,0,1
1826,0,1
1827,1,0
1828,0,1
1829,0,1
1830,0,1
1831,0,1
1832,0,1
1833,0,1
1834,1,0
1835,1,0
1836,1,0
1837,0,1
1838,1,0
1839,1,0
1840,0,1
1841,1,0
1842,0,1
1843,0,1
1844,0,1
1845,0,1
1846,1,0
1847,0,1
1848,1,0
1849,1,0
1850,0,1
1851,0,1
1852,0,1
1853,1,0
1854,0,1
1855,1,0
1856,0,0
1857,0,1
1858,1,0
1859,0,1
1860,0,1
1861,0,1
1862,0,1
1863,0,1
1864,0,1
1865,1,0
1866,0,1
1867,0,1
1868,0,1
1869,1,0
1870,0,1
1871,0,1
1872,0,1
1873,0,1
1874,0,1
1875,1,0
1876,0,1
1877,0,1
1878,1,0
1879,1,0
1880,0,1
1881,1,0
1882,1,0
1883,0,1
1884,0,1
1885,0,1
1886,1,0
1887,0,1
1888,0,1
1889,0,1
1890,1,0
1891,0,1
1892,0,1
1893,1,0
1894,0,1
1895,0,1
1896,0,1
1897,0,1
1898,0,1
1899,0,1
1900,1,0
1901,1,0
1902,1,0
1903,0,1
1904,0,1
1905,0,1
1906,0,1
1907,0,1
1908,0,1
1909,1,0
1910,0,1
1911,1,0
1912,0,1
1913,0,1
1914,0,1
1915,0,1
1916,1,0
1917,0,1
1918,1,0
1919,1,0
1920,1,0
1921,1,0
1922,0,1
1923,0,1
1924,0,1
1925,1,0
1926,1,0
1927,1,0
1928,1,0
1929,1,0
1930,1,0
1931,0,1
1932,0,1
1933,0,1
1934,0,1
1935,1,0
1936,0,1
1937,0,1
1938,1,0
1939,0,1
1940,1,0
1941,0,1
1942,1,0
1943,0,1
1944,1,0
1945,1,0
1946,0,1
1947,0,1
1948,0,1
1949,1,0
1950,0,1
1951,1,0
1952,0,1
1953,0,1
1954,1,0
1955,0,1
1956,0,1
1957,0,1
1958,1,0
1959,0,1
1960,1,0
1961,1,0
1962,0,1
1963,1,0
1964,0,1
1965,1,0
1966,0,1
1967,0,1
1968,1,0
1969,1,0
1970,1,0
1971,1,0
1972,0,1
1973,0,1
1974,1,0
1975,0,1
1976,1,0
1977,0,1
1978,0,1
1979,0,1
1980,0,1
1981,1,0
1982,1,0
1983,0,1
1984,0,1
1985,1,0
1986,0,1
1987,1,0
1988,1,0
1989,0,1
1990,1,0
1991,0,1
1992,0,1
1993,1,0
1994,0,1
1995,0,1
1996,1,0
1997,1,0
1998,0,1
1999,0,1
2000,0,1
2001,0,1
2002,0,1
2003,1,0
2004,1,0
2005,1,0
2006,0,1
2007,0,1
2008,0,0
2009,1,0
2010,1,0
2011,1,0
2012,0,1
2013,1,0
2014,1,0
2015,1,0
2016,0,1
2017,1,0
2018,0,1
2019,1,0
2020,1,0
2021,1,0
2022,1,0
2023,0,1
2024,1,0
2025,0,1
2026,0,1
2027,0,1
2028,0,1
2029,0,1
2030,1,0
2031,0,1
2032,0,1
2033,1,0
2034,1,0
2035,1,0
2036,0,1
2037,0,1
2038,0,1
2039,1,0
2040,0,1
2041,0,1
2042,0,1
2043,1,0
2044,1,0
2045,0,1
2046,1,0
2047,0,1
2048,1,0
2049,0,1
2050,0,1
2051,1,0
2052,0,1
2053,0,1
2054,0,1
2055,0,1
2056,1,0
2057,0,1
2058,0,1
2059,0,1
2060,0,1
2061,0,1
2062,0,1
2063,1,0
2064,0,1
2065,1,0
2066,0,1
2067,1,0
2068,1,0
2069,0,1
2070,0,1
2071,0,1
2072,0,1
2073,1,0
2074,1,0
2075,1,0
2076,0,1
2077,0,1
2078,0,1
2079,1,0
2080,0,1
2081,1,0
2082,1,0
2083,0,1
2084,0,1
2085,1,0
2086,0,0
2087,1,0
2088,1,0
2089,1,0
2090,0,1
2091,1,0
2092,0,0
2093,0,1
2094,1,0
2095,1,0
2096,0,1
2097,1,0
2098,1,0
2099,0,1
2100,1,0
2101,0,1
2102,0,1
2103,1,0
2104,0,1
2105,0,1
2106,0,1
2107,1,0
2108,0,1
2109,0,1
2110,1,0
2111,1,0
2112,0,1
2113,1,0
2114,0,1
2115,0,1
2116,0,1
2117,1,0
2118,0,1
2119,1,0
2120,1,0
2121,1,0
2122,0,1
2123,0,1
2124,0,0
2125,0,1
2126,1,0
2127,1,0
2128,0,1
2129,1,0
2130,1,0
2131,0,1
2132,0,1
2133,1,0
2134,1,0
2135,0,1
2136,0,1
2137,1,0
2138,0,1
2139,0,0
2140,1,0
2141,1,0
2142,1,0
2143,0,1
2144,1,0
2145,1,0
2146,0,1
2147,0,1
2148,0,1
2149,1,0
2150,0,1
2151,0,1
2152,0,1
2153,1,0
2154,1,0
2155,1,0
2156,1,0
2157,1,0
2158,1,0
2159,0,1
2160,1,0
2161,0,1
2162,0,1
2163,0,1
2164,0,1
2165,1,0
2166,0,1
2167,1,0
2168,0,1
2169,0,1
2170,0,1
2171,0,1
2172,1,0
2173,0,1
2174,0,1
2175,1,0
2176,1,0
2177,0,1
2178,0,1
2179,1,0
2180,1,0
2181,1,0
2182,1,0
2183,0,1
2184,1,0
2185,1,0
2186,1,0
2187,0,1
2188,0,1
2189,1,0
2190,1,0
2191,0,1
2192,1,0
2193,1,0
2194,0,1
2195,1,0
2196,0,1
2197,0,1
2198,1,0
2199,1,0
2200,0,1
2201,0,1
2202,1,0
2203,0,1
2204,0,1
2205,1,0
2206,0,1
2207,1,0
2208,1,0
2209,1,0
2210,0,1
2211,0,1
2212,0,1
2213,0,1
2214,1,0
2215,0,1
2216,0,1
2217,0,1
2218,0,1
2219,1,0
2220,1,0
2221,0,1
2222,0,1
2223,0,1
2224,0,1
2225,0,1
2226,0,1
2227,1,0
2228,1,0
2229,0,1
2230,1,0
2231,0,1
2232,0,1
2233,1,0
2234,1,0
2235,0,1
2236,0,1
2237,1,0
2238,0,1
2239,0,1
2240,1,0
2241,1,0
2242,0,1
2243,0,1
2244,1,0
2245,0,1
2246,1,0
2247,1,0
2248,1,0
2249,1,0
2250,0,1
2251,1,0
2252,0,1
2253,1,0
2254,1,0
2255,1,0
2256,1,0
2257,1,0
2258,1,0
2259,1,0
2260,1,0
2261,1,0
2262,1,0
2263,1,0
2264,1,0
2265,0,1
2266,0,1
2267,0,1
2268,1,0
2269,1,0
2270,1,0
2271,0,1
2272,1,0
2273,0,1
2274,0,1
2275,0,1
2276,1,0
2277,1,0
2278,1,0
2279,0,1
2280,0,1
2281,0,1
2282,1,0
2283,0,1
2284,0,1
2285,1,0
2286,0,1
2287,1,0
2288,1,0
2289,1,0
2290,1,0
2291,1,0
2292,1,0
2293,0,1
2294,0,1
2295,1,0
2296,1,0
2297,1,0
2298,0,1
2299,1,0
2300,0,1
2301,0,1
2302,1,0
2303,0,1
2304,1,0
2305,1,0
2306,1,0
2307,0,1
2308,0,1
2309,1,0
2310,0,1
2311,1,0
2312,0,1
2313,0,0
2314,0,1
2315,0,1
2316,0,1
2317,0,1
2318,0,1
2319,1,0
2320,0,1
2321,0,1
2322,1,0
2323,1,0
2324,1,0
2325,0,1
2326,1,0
2327,0,1
2328,0,1
2329,0,1
2330,0,1
2331,1,0
2332,0,1
2333,1,0
2334,0,1
2335,1,0
2336,0,1
2337,0,1
2338,0,1
2339,1,0
2340,1,0
2341,0,1
2342,1,0
2343,1,0
2344,1,0
2345,0,1
2346,0,1
2347,0,1
2348,1,0
2349,1,0
2350,0,1
2351,0,1
2352,1,0
2353,0,1
2354,1,0
2355,1,0
2356,0,1
2357,0,1
2358,1,0
2359,1,0
2360,0,1
2361,1,0
2362,0,1
2363,0,1
2364,0,1
2365,0,1
2366,0,1
2367,0,1
2368,0,1
2369,1,0
2370,0,1
2371,1,0
2372,0,1
2373,1,0
2374,1,0
2375,0,1
2376,1,0
2377,1,0
2378,0,1
2379,0,1
2380,1,0
2381,0,1
2382,0,1
2383,1,0
2384,1,0
2385,0,1
2386,0,1
2387,1,0
2388,0,1
2389,1,0
2390,0,1
2391,0,1
2392,0,1
2393,1,0
2394,0,1
2395,1,0
2396,1,0
2397,1,0
2398,0,0
2399,0,1
2400,1,0
2401,1,0
2402,0,1
2403,0,1
2404,0,1
2405,1,0
2406,0,1
2407,1,0
2408,1,0
2409,1,0
2410,1,0
2411,1,0
2412,0,1
2413,0,1
2414,0,1
2415,1,0
2416,1,0
2417,1,0
2418,0,1
2419,1,0
2420,0,1
2421,0,1
2422,1,0
2423,1,0
2424,0,1
2425,1,0
2426,0,1
2427,1,0
2428,1,0
2429,0,1
2430,1,0
2431,1,0
2432,1,0
2433,1,0
2434,1,0
2435,0,1
2436,0,1
2437,1,0
2438,0,1
2439,1,0
2440,1,0
2441,1,0
2442,0,1
2443,0,1
2444,0,1
2445,1,0
2446,1,0
2447,1,0
2448,1,0
2449,0,1
2450,1,0
2451,0,1
2452,0,1
2453,1,0
2454,1,0
2455,1,0
2456,0,1
2457,0,1
2458,0,1
2459,1,0
2460,1,0
2461,1,0
2462,1,0
2463,1,0
2464,1,0
2465,1,0
2466,1,0
2467,1,0
2468,0,1
2469,0,1
2470,1,0
2471,0,1
2472,1,0
2473,0,1
2474,1,0
2475,1,0
2476,1,0
2477,0,1
2478,1,0
2479,0,1
2480,0,1
2481,1,0
2482,1,0
2483,1,0
2484,1,0
2485,1,0
2486,0,1
2487,1,0
2488,0,1
2489,1,0
2490,1,0
2491,1,0
2492,1,0
2493,0,1
2494,0,1
2495,1,0
2496,1,0
2497,1,0
2498,0,1
2499,0,1
2500,1,0
2501,0,1
2502,0,1
2503,0,1
2504,0,1
2505,1,0
2506,1,0
2507,1,0
2508,1,0
2509,0,1
2510,1,0
2511,1,0
2512,0,1
2513,1,0
2514,1,0
2515,1,0
2516,0,1
2517,0,1
2518,0,1
2519,0,0
2520,0,0
2521,1,0
2522,0,1
2523,0,1
2524,1,0
2525,1,0
2526,1,0
2527,0,1
2528,0,1
2529,1,0
2530,1,0
2531,1,0
2532,1,0
2533,1,0
2534,0,1
2535,0,1
2536,1,0
2537,1,0
2538,1,0
2539,0,1
2540,0,1
2541,0,1
2542,0,1
2543,0,1
2544,0,1
2545,0,1
2546,1,0
2547,1,0
2548,1,0
2549,1,0
2550,0,1
2551,0,1
2552,1,0
2553,1,0
2554,1,0
2555,0,1
2556,0,1
2557,0,1
2558,1,0
2559,1,0
2560,1,0
2561,1,0
2562,1,0
2563,1,0
2564,1,0
2565,1,0
2566,1,0
2567,1,0
2568,0,1
2569,1,0
2570,0,1
2571,0,1
2572,0,1
2573,1,0
2574,1,0
2575,0,1
2576,0,1
2577,0,1
2578,1,0
2579,1,0
2580,0,1
2581,1,0
2582,1,0
2583,0,1
2584,1,0
2585,1,0
2586,1,0
2587,0,1
2588,0,1
2589,1,0
2590,1,0
2591,1,0
2592,0,1
2593,0,1
2594,0,1
2595,0,1
2596,0,1
2597,0,1
2598,0,1
2599,1,0
2600,1,0
2601,1,0
2602,0,1
2603,0,1
2604,1,0
2605,0,1
2606,1,0
2607,1,0
2608,1,0
2609,1,0
2610,0,1
2611,0,1
2612,0,1
2613,0,1
2614,1,0
2615,0,1
2616,0,1
2617,1,0
2618,1,0
2619,0,1
2620,0,1
2621,0,1
2622,0,1
2623,1,0
2624,1,0
2625,1,0
2626,0,1
2627,0,1
2628,0,1
2629,1,0
2630,0,1
2631,0,1
2632,0,1
2633,0,1
2634,1,0
2635,1,0
2636,0,1
2637,0,1
2638,0,1
2639,0,1
2640,1,0
2641,0,1
2642,0,1
2643,0,1
2644,1,0
2645,0,1
2646,1,0
2647,0,1
2648,1,0
2649,0,1
2650,0,1
2651,0,1
2652,0,1
2653,0,1
2654,0,1
2655,1,0
2656,1,0
2657,0,1
2658,1,0
2659,1,0
2660,1,0
2661,0,1
2662,0,1
2663,0,1
2664,1,0
2665,1,0
2666,0,1
2667,1,0
2668,0,0
2669,0,1
2670,0,0
2671,1,0
2672,0,1
2673,1,0
2674,0,1
2675,0,1
2676,0,1
2677,0,1
2678,0,1
2679,1,0
2680,0,1
2681,0,1
2682,0,1
2683,0,1
2684,0,1
2685,0,1
2686,1,0
2687,0,0
2688,0,1
2689,0,1
2690,0,1
2691,0,1
2692,0,0
2693,0,1
2694,0,1
2695,1,0
2696,0,1
2697,0,1
2698,0,1
2699,0,1
2700,0,1
2701,0,1
2702,0,1
2703,0,1
2704,0,1
2705,0,1
2706,0,1
2707,0,1
2708,0,1
2709,0,1
2710,0,1
2711,0,1
2712,0,1
2713,1,0
2714,0,1
2715,1,0
2716,1,0
2717,1,0
2718,0,1
2719,1,0
2720,0,1
2721,1,0
2722,0,1
2723,0,1
2724,0,1
2725,0,1
2726,0,1
2727,1,0
2728,1,0
2729,0,1
2730,0,1
2731,0,1
2732,1,0
2733,1,0
2734,0,1
2735,1,0
2736,0,1
2737,0,1
2738,0,1
2739,1,0
2740,0,1
2741,0,1
2742,1,0
2743,0,1
2744,0,1
2745,0,1
2746,0,0
2747,1,0
2748,0,1
2749,0,0
2750,0,1
2751,0,1
2752,0,1
2753,0,1
2754,0,1
2755,0,1
2756,0,1
2757,0,1
2758,0,1
2759,0,1
2760,1,0
2761,0,1
2762,1,0
2763,0,1
2764,0,1
2765,0,1
2766,1,0
2767,0,1
2768,0,1
2769,0,1
2770,1,0
2771,0,1
2772,1,0
2773,0,1
2774,0,1
2775,1,0
2776,0,1
2777,1,0
2778,1,0
2779,0,1
2780,1,0
2781,1,0
2782,0,1
2783,1,0
2784,1,0
2785,1,0
2786,1,0
2787,1,0
2788,1,0
2789,0,1
2790,1,0
2791,1,0
2792,1,0
2793,0,1
2794,0,1
2795,1,0
2796,0,1
2797,0,1
2798,0,1
2799,1,0
2800,0,1
2801,0,1
2802,0,1
2803,1,0
2804,0,1
2805,0,1
2806,1,0
2807,0,1
2808,0,1
2809,0,1
2810,0,1
2811,1,0
2812,0,1
2813,0,1
2814,1,0
2815,0,1
2816,0,1
2817,1,0
2818,1,0
2819,0,1
2820,0,1
2821,0,1
2822,0,1
2823,0,1
2824,1,0
2825,0,1
2826,0,1
2827,1,0
2828,1,0
2829,0,1
2830,1,0
2831,1,0
2832,0,1
2833,0,1
2834,0,1
2835,1,0
2836,0,1
2837,0,1
2838,0,1
2839,0,1
2840,1,0
2841,0,1
2842,0,1
2843,0,1
2844,1,0
2845,0,1
2846,0,1
2847,1,0
2848,0,1
2849,0,1
2850,1,0
2851,1,0
2852,0,1
2853,0,1
2854,0,1
2855,1,0
2856,1,0
2857,0,1
2858,0,1
2859,0,1
2860,0,1
2861,1,0
2862,1,0
2863,1,0
2864,1,0
2865,0,0
2866,0,1
2867,0,1
2868,0,1
2869,0,1
2870,0,1
2871,0,1
2872,0,1
2873,0,1
2874,0,1
2875,1,0
2876,1,0
2877,1,0
2878,1,0
2879,0,1
2880,0,1
2881,1,0
2882,1,0
2883,0,1
2884,0,1
2885,0,1
2886,1,0
2887,0,1
2888,0,0
2889,1,0
2890,1,0
2891,0,1
2892,0,1
2893,0,1
2894,0,1
2895,0,1
2896,0,1
2897,1,0
2898,0,1
2899,0,1
2900,1,0
2901,1,0
2902,0,1
2903,0,1
2904,0,1
2905,0,1
2906,0,1
2907,0,1
2908,0,0
2909,1,0
2910,1,0
2911,1,0
2912,1,0
2913,1,0
2914,0,1
2915,0,1
2916,1,0
2917,0,1
2918,0,1
2919,1,0
2920,1,0
2921,0,1
2922,0,1
2923,1,0
2924,0,1
2925,1,0
2926,0,1
2927,0,1
2928,1,0
2929,0,1
2930,1,0
2931,1,0
2932,1,0
2933,0,1
2934,0,1
2935,0,1
2936,0,1
2937,0,1
2938,0,1
2939,0,1
2940,1,0
2941,0,1
2942,0,1
2943,0,1
2944,0,1
2945,0,1
2946,1,0
2947,1,0
2948,1,0
2949,0,1
2950,1,0
2951,1,0
2952,0,1
2953,0,0
2954,0,1
2955,0,1
2956,0,1
2957,0,1
2958,1,0
2959,1,0
2960,1,0
2961,1,0
2962,1,0
2963,0,1
2964,0,1
2965,1,0
2966,0,1
2967,0,1
2968,0,1
2969,0,1
2970,0,1
2971,1,0
2972,0,1
2973,1,0
2974,0,1
2975,1,0
2976,1,0
2977,0,1
2978,0,1
2979,0,1
2980,1,0
2981,1,0
2982,1,0
2983,0,1
2984,0,1
2985,1,0
2986,1,0
2987,0,1
2988,0,1
2989,0,1
2990,1,0
2991,0,1
2992,1,0
2993,0,1
2994,0,1
2995,0,1
2996,0,1
2997,1,0
2998,0,1
2999,0,1
3000,0,1
3001,0,1
3002,0,1
3003,0,1
3004,1,0
3005,0,1
3006,0,1
3007,1,0
3008,1,0
3009,0,0
3010,0,1
3011,0,1
3012,0,1
3013,0,1
3014,1,0
3015,0,1
3016,0,0
3017,0,1
3018,1,0
3019,0,1
3020,0,1
3021,1,0
3022,0,1
3023,0,1
3024,0,1
3025,0,1
3026,0,1
3027,0,1
3028,0,1
3029,0,1
3030,0,1
3031,0,1
3032,0,1
3033,0,1
3034,0,1
3035,0,1
3036,0,1
3037,1,0
3038,1,0
3039,0,1
3040,0,1
3041,1,0
3042,0,1
3043,1,0
3044,0,1
3045,0,1
3046,1,0
3047,0,1
3048,1,0
3049,0,1
3050,0,1
3051,0,1
3052,0,1
3053,0,1
3054,1,0
3055,0,1
3056,0,1
3057,0,1
3058,0,1
3059,0,1
3060,0,1
3061,0,1
3062,0,1
3063,0,1
3064,1,0
3065,0,1
3066,0,1
3067,1,0
3068,0,1
3069,0,1
3070,0,1
3071,0,1
3072,0,1
3073,1,0
3074,0,1
3075,0,1
3076,0,1
3077,0,1
3078,0,1
3079,0,1
3080,0,1
3081,1,0
3082,1,0
3083,0,1
3084,0,1
3085,0,1
3086,1,0
3087,1,0
3088,1,0
3089,1,0
3090,0,1
3091,1,0
3092,0,1
3093,0,1
3094,1,0
3095,0,1
3096,0,1
3097,0,1
3098,0,1
3099,0,1
3100,1,0
3101,1,0
3102,1,0
3103,1,0
3104,0,1
3105,0,1
3106,1,0
3107,0,1
3108,0,1
3109,1,0
3110,1,0
3111,0,1
3112,1,0
3113,0,0
3114,1,0
3115,0,1
3116,1,0
3117,1,0
3118,0,1
3119,1,0
3120,1,0
3121,1,0
3122,1,0
3123,0,1
3124,1,0
3125,0,1
3126,1,0
3127,0,1
3128,0,1
3129,0,1
3130,0,1
3131,0,1
3132,0,1
3133,1,0
3134,0,0
3135,0,1
3136,1,0
3137,1,0
3138,1,0
3139,1,0
3140,1,0
3141,0,1
3142,0,1
3143,0,1
3144,1,0
3145,1,0
3146,1,0
3147,0,1
3148,1,0
3149,0,1
3150,1,0
3151,1,0
3152,0,1
3153,0,1
3154,0,1
3155,0,1
3156,0,1
3157,0,1
3158,0,1
3159,0,1
3160,0,1
3161,0,1
3162,1,0
3163,0,1
3164,0,1
3165,1,0
3166,0,1
3167,1,0
3168,1,0
3169,0,1
3170,0,0
3171,0,1
3172,1,0
3173,0,1
3174,0,1
3175,0,1
3176,0,1
3177,0,1
3178,1,0
3179,0,1
3180,0,1
3181,1,0
3182,0,1
3183,0,1
3184,1,0
3185,1,0
3186,0,1
3187,0,1
3188,1,0
3189,0,1
3190,0,1
3191,1,0
3192,0,1
3193,0,1
3194,0,1
3195,1,0
3196,0,1
3197,1,0
3198,1,0
3199,0,1
3200,1,0
3201,0,1
3202,1,0
3203,1,0
3204,0,1
3205,0,1
3206,0,1
3207,0,1
3208,1,0
3209,1,0
3210,1,0
3211,1,0
3212,0,1
3213,0,1
3214,0,1
3215,1,0
3216,0,1
3217,0,1
3218,1,0
3219,0,1
3220,0,1
3221,0,1
3222,0,1
3223,0,1
3224,1,0
3225,0,1
3226,0,1
3227,0,1
3228,1,0
3229,0,1
3230,0,1
3231,0,1
3232,0,1
3233,0,1
3234,0,1
3235,1,0
3236,0,1
3237,0,1
3238,0,1
3239,1,0
3240,1,0
3241,1,0
3242,1,0
3243,1,0
3244,1,0
3245,1,0
3246,0,1
3247,0,1
3248,0,1
3249,0,1
3250,0,1
3251,1,0
3252,1,0
3253,0,1
3254,0,1
3255,1,0
3256,0,1
3257,0,1
3258,0,1
3259,0,1
3260,1,0
3261,1,0
3262,0,1
3263,0,1
3264,0,1
3265,0,1
3266,1,0
3267,1,0
3268,0,1
3269,0,1
3270,0,1
3271,0,1
3272,1,0
3273,0,1
3274,0,1
3275,1,0
3276,0,1
3277,0,1
3278,0,1
3279,1,0
3280,1,0
3281,0,1
3282,0,1
3283,0,1
3284,0,1
3285,0,1
3286,0,1
3287,0,1
3288,1,0
3289,0,1
3290,0,1
3291,1,0
3292,1,0
3293,0,1
3294,0,1
3295,1,0
3296,0,1
3297,0,1
3298,0,1
3299,1,0
3300,0,1
3301,0,1
3302,0,1
3303,0,1
3304,0,1
3305,0,1
3306,1,0
3307,0,1
3308,0,1
3309,1,0
3310,1,0
3311,0,1
3312,1,0
3313,0,1
3314,1,0
3315,0,1
3316,0,1
3317,0,1
3318,1,0
3319,0,1
3320,1,0
3321,1,0
3322,0,1
3323,0,1
3324,1,0
3325,0,1
3326,1,0
3327,0,1
3328,0,1
3329,0,1
3330,1,0
3331,1,0
3332,0,1
3333,0,1
3334,1,0
3335,1,0
3336,1,0
3337,0,1
3338,0,1
3339,0,1
3340,0,1
3341,1,0
3342,1,0
3343,0,1
3344,1,0
3345,1,0
3346,1,0
3347,0,1
3348,0,1
3349,0,1
3350,0,1
3351,1,0
3352,0,1
3353,1,0
3354,0,1
3355,0,1
3356,1,0
3357,0,1
3358,1,0
3359,1,0
3360,1,0
3361,0,1
3362,0,1
3363,0,1
3364,0,1
3365,1,0
3366,0,1
3367,1,0
3368,0,1
3369,1,0
3370,0,1
3371,0,1
3372,1,0
3373,0,1
3374,1,0
3375,0,1
3376,0,1
3377,0,1
3378,1,0
3379,1,0
3380,0,1
3381,1,0
3382,0,1
3383,0,1
3384,0,1
3385,1,0
3386,0,1
3387,0,1
3388,0,1
3389,0,0
3390,0,1
3391,1,0
3392,1,0
3393,0,1
3394,1,0
3395,0,1
3396,0,1
3397,0,1
3398,0,1
3399,1,0
3400,0,1
3401,0,1
3402,1,0
3403,0,1
3404,0,1
3405,0,1
3406,1,0
3407,0,1
3408,0,1
3409,1,0
3410,0,1
3411,0,1
3412,1,0
3413,0,1
3414,1,0
3415,1,0
3416,0,1
3417,1,0
3418,1,0
3419,0,1
3420,0,1
3421,1,0
3422,1,0
3423,1,0
3424,0,1
3425,1,0
3426,0,1
3427,0,1
3428,0,1
3429,1,0
3430,0,1
3431,1,0
3432,0,1
3433,1,0
3434,0,1
3435,0,1
3436,0,1
3437,0,1
3438,1,0
3439,0,1
3440,0,1
3441,0,1
3442,0,1
3443,0,1
3444,1,0
3445,0,1
3446,1,0
3447,0,1
3448,0,1
3449,0,1
3450,1,0
3451,1,0
3452,0,1
3453,0,1
3454,0,1
3455,1,0
3456,0,0
3457,0,1
3458,1,0
3459,1,0
3460,1,0
3461,0,1
3462,1,0
3463,0,1
3464,1,0
3465,1,0
3466,1,0
3467,1,0
3468,1,0
3469,0,1
3470,1,0
3471,1,0
3472,1,0
3473,1,0
3474,1,0
3475,0,1
3476,0,1
3477,1,0
3478,0,1
3479,1,0
3480,0,1
3481,1,0
3482,0,1
3483,1,0
3484,0,1
3485,0,1
3486,0,1
3487,0,1
3488,0,1
3489,0,1
3490,1,0
3491,0,1
3492,0,1
3493,1,0
3494,0,1
3495,0,1
3496,0,1
3497,0,1
3498,1,0
3499,0,1
3500,1,0
3501,0,1
3502,1,0
3503,0,1
3504,0,1
3505,0,1
3506,1,0
3507,0,1
3508,0,1
3509,0,1
3510,0,1
3511,0,1
3512,0,1
3513,0,1
3514,0,0
3515,0,1
3516,0,1
3517,0,1
3518,1,0
3519,0,1
3520,0,1
3521,0,1
3522,1,0
3523,1,0
3524,1,0
3525,0,1
3526,0,1
3527,0,1
3528,0,1
3529,0,1
3530,0,1
3531,1,0
3532,1,0
3533,0,1
3534,1,0
3535,1,0
3536,0,1
3537,0,1
3538,1,0
3539,0,1
3540,0,1
3541,1,0
3542,0,1
3543,0,1
3544,0,1
3545,0,0
3546,0,1
3547,0,1
3548,0,1
3549,1,0
3550,0,1
3551,0,1
3552,0,1
3553,0,1
3554,0,1
3555,0,1
3556,0,1
3557,0,1
3558,0,1
3559,0,1
3560,1,0
3561,0,1
3562,1,0
3563,0,1
3564,1,0
3565,0,1
3566,0,1
3567,0,1
3568,1,0
3569,1,0
3570,1,0
3571,0,1
3572,0,1
3573,0,1
3574,1,0
3575,1,0
3576,1,0
3577,0,1
3578,1,0
3579,0,1
3580,1,0
3581,0,1
3582,0,1
3583,0,1
3584,0,1
3585,1,0
3586,0,1
3587,1,0
3588,0,1
3589,1,0
3590,0,1
3591,1,0
3592,1,0
3593,0,1
3594,0,1
3595,0,1
3596,0,1
3597,1,0
3598,0,1
3599,1,0
3600,0,0
3601,1,0
3602,1,0
3603,0,1
3604,1,0
3605,0,1
3606,1,0
3607,0,1
3608,0,1
3609,0,1
3610,0,1
3611,0,0
3612,1,0
3613,1,0
3614,1,0
3615,0,1
3616,1,0
3617,1,0
3618,0,1
3619,0,1
3620,0,1
3621,0,1
3622,0,1
3623,1,0
3624,1,0
3625,0,1
3626,0,1
3627,0,1
3628,1,0
3629,0,0
3630,0,0
3631,1,0
3632,0,1
3633,1,0
3634,0,1
3635,0,1
3636,1,0
3637,0,1
3638,0,1
3639,0,1
3640,0,1
3641,1,0
3642,0,1
3643,0,1
3644,0,1
3645,1,0
3646,1,0
3647,1,0
3648,0,1
3649,1,0
3650,1,0
3651,1,0
3652,0,1
3653,0,1
3654,1,0
3655,1,0
3656,0,1
3657,1,0
3658,0,1
3659,1,0
3660,1,0
3661,0,1
3662,1,0
3663,0,1
3664,0,1
3665,0,1
3666,1,0
3667,0,1
3668,1,0
3669,1,0
3670,1,0
3671,0,1
3672,0,1
3673,0,1
3674,0,0
3675,0,0
3676,0,1
3677,0,1
3678,0,1
3679,0,1
3680,0,0
3681,0,1
3682,1,0
3683,0,1
3684,0,1
3685,1,0
3686,1,0
3687,0,1
3688,0,1
3689,0,1
3690,0,1
3691,1,0
3692,1,0
3693,0,1
3694,1,0
3695,1,0
3696,1,0
3697,0,1
3698,0,1
3699,1,0
3700,1,0
3701,0,1
3702,0,1
3703,0,1
3704,0,1
3705,0,1
3706,1,0
3707,1,0
3708,0,0
3709,1,0
3710,1,0
3711,1,0
3712,0,1
3713,0,1
3714,1,0
3715,1,0
3716,1,0
3717,1,0
3718,0,1
3719,1,0
3720,0,1
3721,0,1
3722,0,1
3723,0,1
3724,1,0
3725,1,0
3726,1,0
3727,0,1
3728,1,0
3729,1,0
3730,1,0
3731,0,1
3732,0,1
3733,0,1
3734,0,0
3735,1,0
3736,0,1
3737,0,0
3738,0,1
3739,0,1
3740,0,1
3741,0,1
3742,1,0
3743,1,0
3744,0,0
3745,1,0
3746,1,0
3747,0,1
3748,0,1
3749,1,0
3750,0,1
3751,1,0
3752,0,1
3753,1,0
3754,0,1
3755,1,0
3756,0,1
3757,0,1
3758,1,0
3759,0,1
3760,0,0
3761,1,0
3762,1,0
3763,0,1
3764,0,1
3765,0,0
3766,0,1
3767,0,1
3768,0,1
3769,1,0
3770,1,0
3771,1,0
3772,0,1
3773,1,0
3774,1,0
3775,0,1
3776,0,1
3777,1,0
3778,1,0
3779,0,1
3780,0,1
3781,0,1
3782,0,1
3783,0,1
3784,1,0
3785,0,1
3786,0,1
3787,0,1
3788,0,1
3789,1,0
3790,1,0
3791,0,1
3792,1,0
3793,1,0
3794,0,1
3795,0,1
3796,0,1
3797,0,1
3798,1,0
3799,0,1
3800,0,1
3801,0,1
3802,0,1
3803,0,1
3804,0,1
3805,0,1
3806,0,1
3807,1,0
3808,0,1
3809,0,1
3810,0,1
3811,0,0
3812,0,1
3813,1,0
3814,1,0
3815,1,0
3816,1,0
3817,0,1
3818,0,1
3819,0,1
3820,0,1
3821,0,1
3822,0,1
3823,1,0
3824,1,0
3825,0,1
3826,0,1
3827,0,1
3828,0,1
3829,1,0
3830,0,0
3831,0,1
3832,0,1
3833,0,1
3834,0,0
3835,1,0
3836,1,0
3837,1,0
3838,0,1
3839,0,1
3840,1,0
3841,0,1
3842,0,1
3843,1,0
3844,1,0
3845,0,1
3846,1,0
3847,1,0
3848,0,1
3849,0,1
3850,1,0
3851,0,1
3852,0,1
3853,0,1
3854,0,1
3855,0,1
3856,0,1
3857,0,1
3858,1,0
3859,0,1
3860,0,1
3861,1,0
3862,0,1
3863,1,0
3864,0,1
3865,0,1
3866,1,0
3867,1,0
3868,1,0
3869,0,1
3870,1,0
3871,0,1
3872,0,1
3873,1,0
3874,1,0
3875,0,1
3876,1,0
3877,1,0
3878,1,0
3879,0,1
3880,0,1
3881,0,1
3882,1,0
3883,1,0
3884,1,0
3885,1,0
3886,0,1
3887,0,1
3888,0,1
3889,0,1
3890,0,1
3891,0,1
3892,0,1
3893,0,1
3894,0,1
3895,0,1
3896,1,0
3897,0,1
3898,1,0
3899,1,0
3900,1,0
3901,0,1
3902,0,1
3903,1,0
3904,0,1
3905,0,1
3906,1,0
3907,0,0
3908,0,1
3909,0,1
3910,1,0
3911,0,1
3912,0,1
3913,0,1
3914,0,1
3915,0,1
3916,0,1
3917,0,1
3918,0,1
3919,0,1
3920,1,0
3921,1,0
3922,0,1
3923,1,0
3924,0,0
3925,1,0
3926,0,1
3927,0,1
3928,0,1
3929,1,0
3930,0,1
3931,0,1
3932,1,0
3933,0,1
3934,0,0
3935,0,1
3936,0,1
3937,1,0
3938,0,1
3939,0,1
3940,0,1
3941,1,0
3942,0,1
3943,0,1
3944,0,1
3945,0,1
3946,0,1
3947,1,0
3948,0,1
3949,1,0
3950,0,1
3951,1,0
3952,1,0
3953,0,1
3954,0,1
3955,1,0
3956,0,1
3957,1,0
3958,0,1
3959,0,1
3960,0,1
3961,1,0
3962,0,1
3963,0,1
3964,1,0
3965,1,0
3966,0,1
3967,1,0
3968,0,1
3969,0,1
3970,0,1
3971,1,0
3972,1,0
3973,1,0
3974,0,1
3975,1,0
3976,1,0
3977,0,1
3978,0,1
3979,0,1
3980,0,1
3981,1,0
3982,0,1
3983,0,1
3984,0,1
3985,0,1
3986,0,1
3987,1,0
3988,0,1
3989,0,1
3990,1,0
3991,0,1
3992,1,0
3993,0,1
3994,1,0
3995,0,1
3996,0,1
3997,0,1
3998,0,1
3999,0,1
4000,0,1
4001,0,0
4002,0,1
4003,0,1
4004,0,1
4005,0,1
4006,0,1
4007,0,1
4008,0,1
4009,0,1
4010,0,1
4011,0,1
4012,1,0
4013,1,0
4014,0,1
4015,0,1
4016,0,1
4017,0,1
4018,1,0
4019,0,1
4020,0,0
4021,0,1
4022,1,0
4023,0,1
4024,1,0
4025,1,0
4026,0,1
4027,0,1
4028,0,1
4029,1,0
4030,0,1
4031,0,1
4032,0,1
4033,1,0
4034,0,1
4035,1,0
4036,1,0
4037,0,1
4038,0,1